Round: 9
Detected poison: 44
True poison: 40
TP: 39
FP: 5
FN: 1
TN: 155
Precision: 0.886364
Recall: 0.975000
F1: 0.928571
Accuracy: 0.970000
False Positive Rate: 0.031250

TP client IDs: [13, 17, 18, 23, 34, 35, 44, 56, 68, 72, 76, 82, 85, 87, 91, 104, 107, 108, 118, 120, 126, 127, 128, 133, 139, 143, 145, 151, 155, 164, 165, 167, 168, 170, 171, 174, 175, 177, 181]
FP client IDs: [3, 70, 94, 124, 190]
FN client IDs: [15]
