Round: 8
Detected poison: 42
True poison: 40
TP: 38
FP: 4
FN: 2
TN: 156
Precision: 0.904762
Recall: 0.950000
F1: 0.926829
Accuracy: 0.970000
False Positive Rate: 0.025000

TP client IDs: [13, 17, 18, 23, 34, 35, 44, 56, 68, 72, 76, 85, 87, 91, 104, 107, 108, 118, 120, 126, 127, 128, 133, 139, 143, 145, 151, 155, 164, 165, 167, 168, 170, 171, 174, 175, 177, 181]
FP client IDs: [41, 94, 124, 190]
FN client IDs: [15, 82]
