Round: 2
Detected poison: 30
True poison: 40
TP: 29
FP: 1
FN: 11
TN: 159
Precision: 0.966667
Recall: 0.725000
F1: 0.828571
Accuracy: 0.940000
False Positive Rate: 0.006250

TP client IDs: [15, 17, 18, 34, 44, 68, 82, 85, 87, 91, 104, 107, 108, 118, 126, 127, 128, 139, 143, 145, 151, 155, 164, 168, 170, 174, 175, 177, 181]
FP client IDs: [24]
FN client IDs: [13, 23, 35, 56, 72, 76, 120, 133, 165, 167, 171]
