Round: 10
Detected poison: 46
True poison: 40
TP: 40
FP: 6
FN: 0
TN: 154
Precision: 0.869565
Recall: 1.000000
F1: 0.930233
Accuracy: 0.970000
False Positive Rate: 0.037500

TP client IDs: [13, 15, 17, 18, 23, 34, 35, 44, 56, 68, 72, 76, 82, 85, 87, 91, 104, 107, 108, 118, 120, 126, 127, 128, 133, 139, 143, 145, 151, 155, 164, 165, 167, 168, 170, 171, 174, 175, 177, 181]
FP client IDs: [3, 70, 94, 124, 182, 190]
FN client IDs: []
