Round: 6
Detected poison: 33
True poison: 40
TP: 31
FP: 2
FN: 9
TN: 158
Precision: 0.939394
Recall: 0.775000
F1: 0.849315
Accuracy: 0.945000
False Positive Rate: 0.012500

TP client IDs: [17, 18, 34, 44, 56, 68, 72, 76, 87, 104, 107, 108, 118, 126, 127, 128, 139, 143, 145, 151, 155, 164, 165, 167, 168, 170, 171, 174, 175, 177, 181]
FP client IDs: [124, 190]
FN client IDs: [13, 15, 23, 35, 82, 85, 91, 120, 133]
