Round: 4
Detected poison: 140
True poison: 250
TP: 139
FP: 1
FN: 111
TN: 249
Precision: 0.992857
Recall: 0.556000
F1: 0.712821
Accuracy: 0.776000
False Positive Rate: 0.004000

TP client IDs: [3, 14, 21, 23, 30, 35, 38, 39, 40, 43, 45, 46, 49, 50, 52, 53, 54, 59, 61, 62, 65, 66, 69, 70, 71, 75, 80, 84, 85, 91, 94, 96, 101, 103, 105, 108, 109, 111, 112, 114, 119, 125, 127, 130, 134, 141, 142, 146, 154, 156, 169, 171, 177, 178, 180, 184, 191, 194, 195, 206, 208, 211, 216, 218, 223, 225, 226, 228, 229, 230, 233, 236, 238, 245, 257, 261, 274, 276, 279, 285, 287, 288, 290, 293, 298, 301, 302, 303, 307, 310, 312, 321, 327, 328, 330, 332, 339, 343, 357, 360, 361, 362, 364, 366, 368, 370, 375, 383, 387, 389, 397, 405, 407, 410, 411, 417, 428, 429, 433, 434, 439, 440, 442, 444, 445, 455, 457, 461, 464, 472, 476, 477, 478, 486, 488, 489, 492, 495, 499]
FP client IDs: [87]
FN client IDs: [10, 12, 19, 24, 25, 27, 33, 42, 47, 48, 73, 100, 106, 115, 118, 121, 122, 133, 136, 138, 149, 150, 151, 152, 153, 158, 161, 164, 166, 167, 168, 170, 174, 176, 185, 186, 196, 197, 201, 202, 203, 207, 209, 210, 212, 213, 215, 220, 222, 224, 234, 239, 242, 247, 249, 254, 256, 262, 267, 269, 277, 281, 283, 289, 297, 304, 308, 317, 318, 319, 322, 324, 334, 338, 344, 350, 353, 355, 358, 359, 367, 377, 382, 384, 385, 386, 393, 403, 413, 414, 424, 425, 427, 430, 435, 443, 448, 449, 450, 451, 456, 458, 466, 469, 475, 480, 481, 483, 485, 494, 500]
