Round: 3
Detected poison: 153
True poison: 250
TP: 153
FP: 0
FN: 97
TN: 250
Precision: 1.000000
Recall: 0.612000
F1: 0.759305
Accuracy: 0.806000
False Positive Rate: 0.000000

TP client IDs: [3, 10, 12, 14, 19, 21, 30, 33, 35, 38, 40, 42, 43, 45, 49, 50, 54, 61, 62, 65, 69, 70, 71, 75, 80, 85, 91, 94, 96, 100, 103, 105, 106, 108, 109, 111, 112, 114, 118, 119, 121, 122, 125, 127, 134, 136, 138, 142, 151, 152, 153, 154, 156, 166, 168, 171, 174, 177, 178, 180, 186, 194, 195, 196, 202, 203, 206, 209, 210, 212, 213, 220, 222, 223, 225, 226, 230, 234, 236, 239, 245, 247, 256, 261, 267, 269, 274, 279, 281, 283, 285, 287, 288, 289, 290, 297, 298, 301, 303, 304, 307, 308, 310, 317, 319, 322, 327, 328, 330, 338, 353, 357, 359, 360, 361, 362, 364, 367, 368, 370, 375, 377, 386, 389, 397, 405, 410, 411, 413, 417, 424, 425, 428, 429, 434, 435, 440, 445, 448, 451, 455, 456, 461, 472, 475, 476, 477, 486, 488, 492, 494, 495, 499]
FP client IDs: []
FN client IDs: [23, 24, 25, 27, 39, 46, 47, 48, 52, 53, 59, 66, 73, 84, 101, 115, 130, 133, 141, 146, 149, 150, 158, 161, 164, 167, 169, 170, 176, 184, 185, 191, 197, 201, 207, 208, 211, 215, 216, 218, 224, 228, 229, 233, 238, 242, 249, 254, 257, 262, 276, 277, 293, 302, 312, 318, 321, 324, 332, 334, 339, 343, 344, 350, 355, 358, 366, 382, 383, 384, 385, 387, 393, 403, 407, 414, 427, 430, 433, 439, 442, 443, 444, 449, 450, 457, 458, 464, 466, 469, 478, 480, 481, 483, 485, 489, 500]
