Round: 6
Detected poison: 189
True poison: 250
TP: 189
FP: 0
FN: 61
TN: 250
Precision: 1.000000
Recall: 0.756000
F1: 0.861048
Accuracy: 0.878000
False Positive Rate: 0.000000

TP client IDs: [3, 10, 12, 14, 19, 21, 24, 25, 27, 30, 33, 38, 39, 42, 43, 47, 49, 50, 53, 61, 62, 65, 66, 69, 70, 71, 73, 75, 80, 84, 85, 91, 94, 96, 100, 103, 105, 106, 108, 109, 111, 112, 114, 115, 118, 119, 121, 125, 130, 133, 134, 138, 141, 142, 146, 149, 150, 152, 153, 154, 156, 158, 161, 167, 169, 170, 171, 174, 176, 177, 178, 194, 195, 196, 201, 202, 203, 206, 208, 209, 210, 211, 212, 213, 215, 220, 222, 225, 226, 228, 229, 230, 233, 234, 236, 238, 239, 249, 254, 256, 261, 267, 274, 279, 281, 283, 285, 287, 288, 290, 293, 298, 303, 304, 307, 310, 312, 317, 318, 330, 332, 339, 343, 344, 350, 353, 355, 357, 358, 360, 361, 362, 364, 367, 368, 370, 375, 377, 382, 383, 384, 385, 386, 387, 389, 393, 403, 405, 407, 410, 411, 413, 424, 425, 427, 428, 429, 430, 434, 435, 439, 440, 442, 443, 445, 448, 449, 451, 456, 457, 461, 464, 466, 472, 475, 476, 477, 478, 480, 483, 485, 486, 488, 489, 492, 494, 495, 499, 500]
FP client IDs: []
FN client IDs: [23, 35, 40, 45, 46, 48, 52, 54, 59, 101, 122, 127, 136, 151, 164, 166, 168, 180, 184, 185, 186, 191, 197, 207, 216, 218, 223, 224, 242, 245, 247, 257, 262, 269, 276, 277, 289, 297, 301, 302, 308, 319, 321, 322, 324, 327, 328, 334, 338, 359, 366, 397, 414, 417, 433, 444, 450, 455, 458, 469, 481]
