Round: 2
Detected poison: 128
True poison: 250
TP: 128
FP: 0
FN: 122
TN: 250
Precision: 1.000000
Recall: 0.512000
F1: 0.677249
Accuracy: 0.756000
False Positive Rate: 0.000000

TP client IDs: [3, 10, 12, 24, 25, 27, 30, 33, 39, 49, 52, 59, 61, 66, 70, 75, 80, 84, 91, 94, 96, 100, 103, 105, 106, 108, 109, 112, 118, 121, 122, 125, 127, 130, 133, 134, 136, 138, 142, 146, 152, 154, 156, 166, 167, 169, 170, 174, 176, 180, 184, 186, 191, 201, 207, 210, 211, 212, 213, 220, 222, 223, 225, 226, 229, 233, 234, 245, 247, 257, 262, 274, 279, 285, 293, 303, 304, 310, 317, 321, 327, 328, 332, 334, 339, 343, 344, 359, 361, 362, 364, 366, 367, 368, 375, 382, 383, 385, 386, 387, 389, 403, 407, 414, 417, 424, 427, 428, 429, 430, 435, 439, 442, 443, 444, 445, 448, 455, 458, 461, 464, 480, 485, 486, 489, 492, 494, 499]
FP client IDs: []
FN client IDs: [14, 19, 21, 23, 35, 38, 40, 42, 43, 45, 46, 47, 48, 50, 53, 54, 62, 65, 69, 71, 73, 85, 101, 111, 114, 115, 119, 141, 149, 150, 151, 153, 158, 161, 164, 168, 171, 177, 178, 185, 194, 195, 196, 197, 202, 203, 206, 208, 209, 215, 216, 218, 224, 228, 230, 236, 238, 239, 242, 249, 254, 256, 261, 267, 269, 276, 277, 281, 283, 287, 288, 289, 290, 297, 298, 301, 302, 307, 308, 312, 318, 319, 322, 324, 330, 338, 350, 353, 355, 357, 358, 360, 370, 377, 384, 393, 397, 405, 410, 411, 413, 425, 433, 434, 440, 449, 450, 451, 456, 457, 466, 469, 472, 475, 476, 477, 478, 481, 483, 488, 495, 500]
