Round: 5
Detected poison: 171
True poison: 250
TP: 171
FP: 0
FN: 79
TN: 250
Precision: 1.000000
Recall: 0.684000
F1: 0.812352
Accuracy: 0.842000
False Positive Rate: 0.000000

TP client IDs: [3, 12, 14, 21, 23, 25, 27, 30, 33, 35, 38, 39, 40, 43, 45, 47, 49, 52, 53, 54, 61, 62, 65, 66, 69, 70, 71, 73, 75, 80, 84, 96, 100, 103, 105, 106, 108, 111, 114, 115, 118, 119, 121, 130, 133, 134, 136, 138, 141, 142, 146, 149, 150, 151, 153, 154, 156, 158, 161, 164, 167, 169, 171, 174, 176, 177, 178, 184, 194, 195, 201, 203, 206, 207, 208, 209, 210, 211, 212, 213, 216, 220, 223, 225, 228, 229, 234, 236, 245, 256, 261, 262, 267, 274, 276, 279, 281, 283, 285, 287, 290, 298, 301, 302, 304, 308, 310, 312, 318, 322, 328, 330, 332, 334, 339, 344, 355, 357, 359, 360, 361, 362, 364, 366, 367, 370, 375, 383, 385, 387, 389, 393, 403, 405, 407, 410, 411, 413, 414, 417, 425, 428, 429, 430, 433, 434, 435, 440, 445, 448, 449, 450, 451, 455, 456, 457, 458, 461, 464, 472, 476, 477, 478, 480, 481, 483, 486, 488, 489, 492, 495]
FP client IDs: []
FN client IDs: [10, 19, 24, 42, 46, 48, 50, 59, 85, 91, 94, 101, 109, 112, 122, 125, 127, 152, 166, 168, 170, 180, 185, 186, 191, 196, 197, 202, 215, 218, 222, 224, 226, 230, 233, 238, 239, 242, 247, 249, 254, 257, 269, 277, 288, 289, 293, 297, 303, 307, 317, 319, 321, 324, 327, 338, 343, 350, 353, 358, 368, 377, 382, 384, 386, 397, 424, 427, 439, 442, 443, 444, 466, 469, 475, 485, 494, 499, 500]
