Round: 8
Detected poison: 213
True poison: 250
TP: 212
FP: 1
FN: 38
TN: 249
Precision: 0.995305
Recall: 0.848000
F1: 0.915767
Accuracy: 0.922000
False Positive Rate: 0.004000

TP client IDs: [3, 10, 12, 14, 21, 23, 24, 25, 27, 30, 33, 35, 38, 39, 43, 45, 46, 48, 49, 50, 52, 53, 54, 62, 65, 66, 69, 70, 71, 73, 75, 80, 84, 85, 94, 96, 100, 101, 103, 105, 106, 108, 109, 111, 112, 114, 118, 119, 121, 125, 127, 130, 133, 138, 141, 146, 149, 150, 151, 152, 153, 154, 156, 158, 161, 164, 166, 167, 168, 169, 171, 174, 177, 178, 180, 184, 186, 191, 194, 195, 201, 202, 203, 206, 208, 209, 210, 211, 215, 216, 218, 220, 222, 223, 224, 225, 226, 228, 229, 233, 234, 236, 238, 239, 242, 245, 247, 249, 254, 256, 257, 261, 267, 274, 276, 279, 281, 283, 285, 287, 288, 290, 293, 297, 298, 301, 302, 304, 307, 308, 310, 312, 317, 318, 319, 321, 322, 327, 328, 332, 334, 339, 344, 353, 355, 357, 358, 359, 360, 361, 362, 364, 366, 367, 368, 370, 375, 377, 382, 383, 384, 385, 386, 387, 389, 393, 403, 405, 407, 411, 413, 414, 417, 425, 427, 428, 429, 430, 434, 435, 440, 442, 443, 444, 445, 448, 449, 450, 451, 455, 456, 457, 458, 461, 464, 466, 472, 476, 477, 478, 480, 481, 483, 485, 486, 488, 489, 492, 494, 495, 499, 500]
FP client IDs: [416]
FN client IDs: [19, 40, 42, 47, 59, 61, 91, 115, 122, 134, 136, 142, 170, 176, 185, 196, 197, 207, 212, 213, 230, 262, 269, 277, 289, 303, 324, 330, 338, 343, 350, 397, 410, 424, 433, 439, 469, 475]
