Round: 7
Detected poison: 202
True poison: 250
TP: 201
FP: 1
FN: 49
TN: 249
Precision: 0.995050
Recall: 0.804000
F1: 0.889381
Accuracy: 0.900000
False Positive Rate: 0.004000

TP client IDs: [3, 10, 12, 14, 21, 23, 24, 27, 30, 33, 35, 38, 39, 43, 45, 49, 50, 52, 53, 54, 59, 61, 62, 65, 66, 69, 70, 71, 73, 75, 80, 84, 85, 91, 96, 100, 103, 105, 108, 109, 111, 112, 114, 115, 118, 119, 121, 125, 127, 130, 133, 134, 136, 138, 141, 142, 146, 149, 150, 151, 152, 153, 154, 156, 161, 164, 167, 168, 169, 170, 171, 174, 176, 177, 178, 180, 186, 191, 194, 195, 196, 202, 203, 206, 208, 209, 210, 211, 212, 213, 215, 216, 223, 225, 228, 229, 230, 233, 234, 236, 238, 239, 245, 247, 254, 256, 257, 261, 262, 267, 269, 274, 276, 281, 283, 285, 287, 288, 297, 298, 301, 302, 304, 310, 312, 317, 318, 321, 327, 328, 330, 332, 334, 343, 344, 350, 353, 355, 357, 358, 359, 360, 361, 364, 366, 367, 368, 370, 375, 377, 382, 383, 384, 386, 387, 389, 393, 397, 403, 405, 407, 410, 411, 413, 414, 417, 425, 427, 428, 429, 430, 434, 435, 442, 443, 444, 445, 448, 449, 451, 455, 456, 457, 458, 461, 464, 466, 472, 476, 477, 478, 481, 483, 485, 486, 488, 489, 492, 494, 495, 499]
FP client IDs: [416]
FN client IDs: [19, 25, 40, 42, 46, 47, 48, 94, 101, 106, 122, 158, 166, 184, 185, 197, 201, 207, 218, 220, 222, 224, 226, 242, 249, 277, 279, 289, 290, 293, 303, 307, 308, 319, 322, 324, 338, 339, 362, 385, 424, 433, 439, 440, 450, 469, 475, 480, 500]
