Round: 5
Detected poison: 105
True poison: 100
TP: 84
FP: 21
FN: 16
TN: 379
Precision: 0.800000
Recall: 0.840000
F1: 0.819512
Accuracy: 0.926000
False Positive Rate: 0.052500

TP client IDs: [20, 31, 35, 36, 39, 40, 48, 54, 62, 70, 73, 78, 83, 88, 90, 109, 120, 122, 144, 152, 153, 157, 165, 170, 176, 178, 190, 191, 192, 195, 200, 211, 212, 214, 215, 217, 219, 227, 234, 241, 250, 264, 275, 278, 285, 304, 305, 311, 312, 315, 316, 318, 322, 328, 333, 336, 340, 342, 343, 349, 352, 353, 363, 375, 376, 387, 393, 396, 401, 402, 404, 408, 415, 423, 426, 433, 445, 449, 476, 477, 482, 483, 489, 494]
FP client IDs: [12, 22, 29, 64, 75, 87, 91, 127, 182, 197, 213, 249, 260, 270, 331, 360, 370, 374, 416, 446, 455]
FN client IDs: [28, 71, 99, 158, 172, 174, 221, 271, 298, 306, 327, 341, 345, 351, 453, 469]
