Round: 7
Detected poison: 128
True poison: 100
TP: 94
FP: 34
FN: 6
TN: 366
Precision: 0.734375
Recall: 0.940000
F1: 0.824561
Accuracy: 0.920000
False Positive Rate: 0.085000

TP client IDs: [20, 28, 31, 35, 36, 39, 40, 48, 54, 62, 70, 71, 73, 78, 83, 88, 90, 99, 109, 120, 122, 144, 152, 153, 157, 158, 165, 170, 172, 174, 176, 178, 190, 191, 192, 195, 200, 211, 212, 214, 215, 217, 219, 221, 227, 234, 241, 250, 264, 271, 275, 278, 285, 298, 304, 305, 306, 311, 312, 316, 318, 322, 328, 333, 336, 340, 343, 345, 349, 352, 353, 363, 375, 376, 387, 393, 396, 401, 402, 404, 408, 415, 423, 426, 433, 445, 449, 453, 476, 477, 482, 483, 489, 494]
FP client IDs: [12, 14, 22, 29, 52, 64, 67, 75, 80, 87, 91, 127, 142, 147, 159, 182, 184, 186, 197, 198, 213, 231, 249, 260, 270, 310, 331, 360, 370, 374, 416, 446, 451, 455]
FN client IDs: [315, 327, 341, 342, 351, 469]
