Round: 8
Detected poison: 127
True poison: 100
TP: 98
FP: 29
FN: 2
TN: 371
Precision: 0.771654
Recall: 0.980000
F1: 0.863436
Accuracy: 0.938000
False Positive Rate: 0.072500

TP client IDs: [20, 28, 31, 35, 36, 39, 40, 48, 54, 62, 70, 71, 73, 78, 83, 88, 90, 99, 109, 120, 122, 144, 152, 153, 157, 158, 165, 170, 172, 174, 176, 178, 190, 191, 192, 195, 200, 211, 212, 214, 215, 217, 219, 221, 227, 234, 241, 250, 271, 275, 278, 285, 298, 304, 305, 306, 311, 312, 315, 316, 318, 322, 327, 328, 333, 336, 340, 341, 342, 343, 345, 349, 351, 352, 353, 363, 375, 376, 387, 393, 396, 401, 402, 404, 408, 415, 423, 426, 433, 445, 449, 453, 476, 477, 482, 483, 489, 494]
FP client IDs: [12, 14, 29, 52, 64, 67, 75, 87, 91, 127, 147, 159, 184, 186, 197, 198, 213, 231, 260, 270, 310, 331, 360, 370, 374, 416, 442, 446, 451]
FN client IDs: [264, 469]
