Round: 3
Detected poison: 95
True poison: 100
TP: 80
FP: 15
FN: 20
TN: 385
Precision: 0.842105
Recall: 0.800000
F1: 0.820513
Accuracy: 0.930000
False Positive Rate: 0.037500

TP client IDs: [20, 31, 35, 36, 39, 40, 54, 62, 70, 71, 73, 78, 88, 90, 99, 109, 120, 122, 144, 152, 157, 165, 170, 174, 176, 178, 190, 191, 192, 195, 200, 212, 217, 219, 221, 227, 234, 241, 250, 275, 278, 285, 304, 306, 311, 312, 315, 316, 318, 322, 327, 328, 333, 336, 340, 341, 342, 343, 345, 349, 351, 352, 353, 363, 387, 401, 402, 404, 408, 415, 423, 426, 433, 445, 449, 476, 477, 482, 489, 494]
FP client IDs: [22, 29, 64, 75, 87, 182, 197, 240, 260, 270, 331, 360, 370, 416, 417]
FN client IDs: [28, 48, 83, 153, 158, 172, 211, 214, 215, 264, 271, 298, 305, 375, 376, 393, 396, 453, 469, 483]
