Round: 1
Detected poison: 99
True poison: 100
TP: 95
FP: 4
FN: 5
TN: 396
Precision: 0.959596
Recall: 0.950000
F1: 0.954774
Accuracy: 0.982000
False Positive Rate: 0.010000

TP client IDs: [20, 28, 31, 35, 36, 40, 48, 54, 62, 70, 71, 73, 78, 83, 88, 90, 99, 109, 120, 122, 144, 152, 153, 165, 170, 172, 174, 176, 178, 190, 191, 192, 195, 200, 211, 212, 214, 215, 217, 219, 221, 227, 234, 241, 250, 264, 271, 275, 278, 285, 298, 304, 305, 306, 311, 315, 316, 318, 322, 327, 328, 333, 336, 340, 341, 342, 343, 345, 349, 351, 352, 353, 363, 375, 376, 387, 393, 396, 401, 402, 404, 408, 415, 423, 426, 433, 445, 449, 453, 469, 476, 477, 483, 489, 494]
FP client IDs: [43, 67, 388, 425]
FN client IDs: [39, 157, 158, 312, 482]
