Round: 4
Detected poison: 99
True poison: 100
TP: 80
FP: 19
FN: 20
TN: 381
Precision: 0.808081
Recall: 0.800000
F1: 0.804020
Accuracy: 0.922000
False Positive Rate: 0.047500

TP client IDs: [28, 31, 35, 36, 39, 40, 48, 62, 73, 78, 83, 88, 90, 109, 120, 122, 152, 153, 157, 158, 165, 170, 172, 174, 176, 178, 190, 191, 195, 200, 211, 212, 214, 215, 217, 219, 221, 227, 234, 241, 250, 264, 271, 275, 278, 298, 304, 306, 311, 312, 315, 316, 318, 327, 328, 333, 336, 341, 342, 343, 349, 352, 353, 363, 375, 387, 396, 401, 402, 408, 415, 423, 426, 433, 449, 476, 477, 482, 489, 494]
FP client IDs: [12, 22, 29, 64, 75, 87, 91, 182, 197, 213, 260, 270, 331, 360, 370, 374, 416, 425, 455]
FN client IDs: [20, 54, 70, 71, 99, 144, 192, 285, 305, 322, 340, 345, 351, 376, 393, 404, 445, 453, 469, 483]
