Round: 2
Detected poison: 87
True poison: 100
TP: 78
FP: 9
FN: 22
TN: 391
Precision: 0.896552
Recall: 0.780000
F1: 0.834225
Accuracy: 0.938000
False Positive Rate: 0.022500

TP client IDs: [20, 28, 31, 35, 36, 39, 40, 48, 54, 62, 70, 73, 78, 83, 88, 90, 99, 109, 120, 144, 152, 157, 165, 170, 172, 176, 190, 191, 195, 200, 211, 212, 214, 215, 217, 219, 221, 227, 234, 241, 271, 275, 278, 285, 298, 304, 306, 312, 315, 316, 322, 327, 328, 333, 336, 340, 341, 343, 345, 349, 351, 352, 353, 375, 376, 387, 393, 396, 401, 402, 404, 415, 423, 445, 476, 482, 483, 494]
FP client IDs: [22, 87, 197, 240, 331, 360, 388, 416, 417]
FN client IDs: [71, 122, 153, 158, 174, 178, 192, 250, 264, 305, 311, 318, 342, 363, 408, 426, 433, 449, 453, 469, 477, 489]
