Round: 8
Detected poison: 87
True poison: 100
TP: 86
FP: 1
FN: 14
TN: 99
Precision: 0.988506
Recall: 0.860000
F1: 0.919786
Accuracy: 0.925000
False Positive Rate: 0.010000

TP client IDs: [10, 11, 19, 22, 23, 24, 25, 30, 33, 39, 41, 46, 48, 52, 55, 56, 57, 58, 59, 60, 61, 68, 71, 72, 75, 76, 78, 79, 80, 81, 82, 83, 84, 86, 87, 89, 92, 98, 101, 102, 105, 106, 107, 108, 110, 116, 117, 118, 119, 120, 121, 122, 127, 131, 133, 137, 138, 142, 144, 145, 146, 149, 152, 154, 155, 159, 160, 162, 163, 165, 166, 167, 171, 176, 177, 179, 180, 182, 183, 185, 188, 190, 191, 193, 194, 195]
FP client IDs: [128]
FN client IDs: [7, 9, 13, 16, 28, 63, 66, 100, 115, 136, 151, 169, 174, 175]
