Round: 5
Detected poison: 81
True poison: 100
TP: 81
FP: 0
FN: 19
TN: 100
Precision: 1.000000
Recall: 0.810000
F1: 0.895028
Accuracy: 0.905000
False Positive Rate: 0.000000

TP client IDs: [9, 10, 13, 16, 19, 22, 23, 24, 25, 28, 30, 33, 39, 41, 46, 48, 52, 55, 56, 59, 60, 61, 71, 72, 75, 76, 79, 80, 81, 82, 83, 84, 86, 87, 89, 92, 98, 100, 101, 102, 105, 106, 107, 108, 110, 115, 116, 117, 118, 119, 120, 121, 122, 127, 131, 133, 138, 142, 144, 145, 149, 151, 154, 155, 159, 160, 163, 165, 167, 171, 174, 176, 177, 179, 180, 182, 190, 191, 193, 194, 195]
FP client IDs: []
FN client IDs: [7, 11, 57, 58, 63, 66, 68, 78, 136, 137, 146, 152, 162, 166, 169, 175, 183, 185, 188]
