Round: 6
Detected poison: 79
True poison: 100
TP: 79
FP: 0
FN: 21
TN: 100
Precision: 1.000000
Recall: 0.790000
F1: 0.882682
Accuracy: 0.895000
False Positive Rate: 0.000000

TP client IDs: [10, 11, 16, 19, 23, 24, 25, 28, 30, 33, 41, 46, 48, 52, 55, 56, 58, 59, 60, 61, 63, 66, 68, 72, 75, 76, 78, 79, 80, 81, 82, 83, 84, 86, 87, 89, 98, 101, 102, 105, 106, 107, 108, 115, 116, 117, 118, 119, 120, 121, 127, 131, 138, 142, 144, 145, 149, 151, 152, 154, 155, 159, 160, 163, 166, 167, 171, 174, 175, 176, 177, 179, 180, 182, 183, 185, 191, 193, 195]
FP client IDs: []
FN client IDs: [7, 9, 13, 22, 39, 57, 71, 92, 100, 110, 122, 133, 136, 137, 146, 162, 165, 169, 188, 190, 194]
