Round: 9
Detected poison: 93
True poison: 100
TP: 92
FP: 1
FN: 8
TN: 99
Precision: 0.989247
Recall: 0.920000
F1: 0.953368
Accuracy: 0.955000
False Positive Rate: 0.010000

TP client IDs: [7, 10, 11, 13, 16, 19, 22, 23, 24, 25, 28, 30, 33, 39, 46, 48, 52, 56, 57, 58, 59, 60, 61, 63, 66, 68, 71, 72, 75, 76, 78, 79, 80, 81, 82, 83, 84, 87, 89, 92, 98, 100, 101, 102, 105, 106, 107, 108, 110, 116, 117, 118, 119, 120, 121, 122, 127, 131, 133, 136, 137, 138, 142, 144, 145, 146, 149, 151, 154, 155, 159, 160, 162, 163, 165, 166, 167, 171, 174, 175, 176, 177, 179, 180, 183, 185, 188, 190, 191, 193, 194, 195]
FP client IDs: [128]
FN client IDs: [9, 41, 55, 86, 115, 152, 169, 182]
