Round: 1
Detected poison: 79
True poison: 100
TP: 78
FP: 1
FN: 22
TN: 99
Precision: 0.987342
Recall: 0.780000
F1: 0.871508
Accuracy: 0.885000
False Positive Rate: 0.010000

TP client IDs: [7, 9, 10, 11, 13, 19, 22, 24, 25, 28, 30, 33, 39, 41, 48, 55, 57, 58, 60, 61, 66, 68, 71, 72, 76, 79, 80, 82, 83, 84, 86, 89, 92, 98, 100, 102, 105, 106, 107, 115, 116, 117, 118, 120, 121, 127, 136, 137, 142, 144, 145, 146, 149, 151, 152, 154, 155, 159, 160, 162, 165, 166, 167, 169, 174, 175, 176, 177, 180, 182, 183, 185, 188, 190, 191, 193, 194, 195]
FP client IDs: [64]
FN client IDs: [16, 23, 46, 52, 56, 59, 63, 75, 78, 81, 87, 101, 108, 110, 119, 122, 131, 133, 138, 163, 171, 179]
