Round: 4
Detected poison: 59
True poison: 100
TP: 59
FP: 0
FN: 41
TN: 100
Precision: 1.000000
Recall: 0.590000
F1: 0.742138
Accuracy: 0.795000
False Positive Rate: 0.000000

TP client IDs: [10, 11, 16, 25, 28, 30, 39, 46, 48, 52, 55, 57, 58, 59, 61, 66, 72, 75, 76, 78, 80, 81, 82, 83, 84, 86, 89, 98, 101, 105, 108, 116, 117, 118, 120, 121, 131, 137, 142, 144, 145, 149, 151, 152, 154, 155, 159, 163, 165, 171, 175, 177, 179, 183, 185, 188, 193, 194, 195]
FP client IDs: []
FN client IDs: [7, 9, 13, 19, 22, 23, 24, 33, 41, 56, 60, 63, 68, 71, 79, 87, 92, 100, 102, 106, 107, 110, 115, 119, 122, 127, 133, 136, 138, 146, 160, 162, 166, 167, 169, 174, 176, 180, 182, 190, 191]
