Round: 3
Detected poison: 68
True poison: 100
TP: 68
FP: 0
FN: 32
TN: 100
Precision: 1.000000
Recall: 0.680000
F1: 0.809524
Accuracy: 0.840000
False Positive Rate: 0.000000

TP client IDs: [7, 9, 10, 19, 22, 23, 24, 25, 30, 39, 41, 48, 52, 55, 56, 58, 60, 66, 71, 72, 75, 76, 78, 79, 80, 81, 82, 83, 84, 86, 89, 92, 98, 101, 102, 105, 106, 107, 108, 116, 118, 119, 120, 122, 131, 136, 137, 142, 145, 146, 151, 154, 155, 159, 160, 165, 167, 171, 174, 175, 179, 182, 183, 185, 188, 190, 191, 194]
FP client IDs: []
FN client IDs: [11, 13, 16, 28, 33, 46, 57, 59, 61, 63, 68, 87, 100, 110, 115, 117, 121, 127, 133, 138, 144, 149, 152, 162, 163, 166, 169, 176, 177, 180, 193, 195]
