Round: 2
Detected poison: 62
True poison: 100
TP: 62
FP: 0
FN: 38
TN: 100
Precision: 1.000000
Recall: 0.620000
F1: 0.765432
Accuracy: 0.810000
False Positive Rate: 0.000000

TP client IDs: [9, 11, 16, 22, 23, 24, 25, 28, 33, 39, 46, 48, 52, 55, 57, 58, 60, 61, 63, 68, 71, 72, 76, 78, 81, 83, 84, 87, 89, 92, 98, 100, 102, 105, 106, 107, 108, 117, 118, 119, 121, 122, 127, 133, 142, 144, 152, 154, 155, 159, 160, 163, 165, 167, 174, 175, 176, 182, 183, 190, 191, 193]
FP client IDs: []
FN client IDs: [7, 10, 13, 19, 30, 41, 56, 59, 66, 75, 79, 80, 82, 86, 101, 110, 115, 116, 120, 131, 136, 137, 138, 145, 146, 149, 151, 162, 166, 169, 171, 177, 179, 180, 185, 188, 194, 195]
