Round: 10
Detected poison: 91
True poison: 100
TP: 91
FP: 0
FN: 9
TN: 100
Precision: 1.000000
Recall: 0.910000
F1: 0.952880
Accuracy: 0.955000
False Positive Rate: 0.000000

TP client IDs: [7, 9, 10, 11, 19, 22, 23, 24, 25, 28, 30, 33, 39, 41, 46, 48, 52, 55, 56, 58, 59, 60, 61, 63, 68, 72, 75, 76, 78, 79, 80, 81, 82, 83, 84, 86, 87, 89, 92, 98, 100, 101, 102, 105, 106, 107, 108, 110, 115, 116, 117, 118, 119, 120, 121, 122, 127, 131, 133, 136, 137, 138, 142, 144, 145, 146, 151, 152, 154, 155, 159, 160, 162, 163, 165, 166, 167, 171, 175, 176, 177, 179, 180, 182, 183, 185, 188, 190, 191, 193, 195]
FP client IDs: []
FN client IDs: [13, 16, 57, 66, 71, 149, 169, 174, 194]
